NK_cell	CD4	CD8	memory_B_cell	naive_B_cell	Neutrophil	Monocyte	Plasmocyte
ABCB9	0.08296817	0.08289452	0.0529484	0.07710513	0.07348247	0.02637422	0.03417271	3.045807
ABCF1	1.1035127	0.6965548	1.0536841	0.6808244	0.4720476	0.145401	0.550093	1.3531724
ABHD17A	2.749705	0.9441566	2.362304	0.8356466	0.5931325	0.3828863	0.7139793	0.6921843
AC006129.2	1.072596	1.162985	1.06959	1.052182	1.103047	0	0.03792773	0.6850102
ACBD3	0.6303674	0.3858971	0.6871712	1.1901786	1.0364132	0.3018417	0.747278	1.6395606
ACSL1	0.1459252	0.1081569	0.123272	0.1672269	0.09842553	1.8101192	1.4943773	0.1147949
ACTN4	1.319648	0.3191616	1.143664	0.339267	0.2829916	0.859189	1.108466	0.8137549
ADAM10	1.179584	0.6841584	1.080366	0.7331012	0.6383696	0.8812683	1.543701	0.7943344
ADCY7	1.261179	0.3213115	1.066183	0.4030272	0.2194362	0.2957476	0.8923957	0.2922925
ADTRP	0.01035596	2.10274571	0.08642843	0.05210688	0.02843727	0	0.001297249	0.3395149
AIF1	0.1487339	0.2759076	0.1620083	0.07025938	0.0411523	1.2326742	3.1210471	0.1506754
AIM2	0.01149715	0.06844621	0.0216695	2.62708017	0.17910634	0.14893936	0.02979614	0.64352981
AKNA	1.65667	0.711885	1.5626945	0.7816337	0.6761155	0.4701797	0.7323429	0.4210185
AKR7A2	0.5680287	0.4936564	0.5199606	0.3493018	0.383244	0.1350644	0.5118419	0.45382
AKT3	0.8381113	0.6609536	0.9516592	0.4621693	0.5380068	0	0.1074701	0.08117399
ALDH2	0.09574422	0.04884728	0.0713719	0.1070125	0.1568802	0.3733751	2.236203	0.05729147
ANAPC5	1.162137	0.9739686	1.22087	1.104008	0.8515888	0.4251825	0.9743779	2.017246
ANK3	0.0626088	1.34827099	0.17902661	0.5161792	0.07202278	0.007191596	0.01223351	0.0210241
ANKLE2	0.7681652	0.7595913	0.7532018	0.8091165	0.655002	0.3879115	0.7755643	0.7513065
ANKRD12	1.6579	1.952751	1.68348	1.812779	1.596499	0.7621409	0.8288055	1.252696
ANKRD36BP2	0.02283461	0.51611767	0.04069195	0.1397827	0.07929514	0	0.02097155	2.44981555
ANO9	0.07639554	0.42448804	0.2964718	0.17681833	0.04794318	0.0220666	0.008808857	0.06559543
ANXA2	0.6016298	0.4060905	0.5653261	0.6171817	0.1636704	0.0284939	1.815073	1.279888
APLP2	0.6549723	0.3295312	0.5690555	0.3501228	0.9552888	0.894901	2.240339	0.2399522
ARHGAP25	1.1407671	0.5660725	1.1558024	1.4686255	0.4949512	0.7262889	0.4500131	0.3768138
ARHGAP9	1.918791	0.5497658	1.706944	0.4593323	0.4548823	1.304146	0.7122043	0.2064987
ARID5B	0.5137412	1.4458566	0.6109689	1.3511766	1.338154	0.05924992	0.07948267	0.6871158
ARIH2	1.201089	0.7179088	1.092493	0.7007879	0.6181698	0.2165006	0.6293096	0.8749394
ARL4C	3.0650769	1.7549568	2.9000886	0.427372	0.392643	0	0.1006457	0.8953348
ARL6IP5	1.641637	1.9377543	1.6531712	1.5293304	0.9576634	1.1618822	1.7053157	0.7750636
ATF6B	0.9421782	0.6650477	0.8401079	0.8299338	0.8737964	0.3360414	0.6981922	0.6122588
ATM	2.404595	1.859387	2.346077	1.701954	1.601316	0.5704164	0.6446422	0.5854223
ATP2B1.AS1	1.16543	0.4185776	1.068108	0.9094263	1.266488	0.4894141	0.8164021	0.4030528
ATP5F1A	0.9659092	1.275243	1.037985	1.080535	0.7690941	0.4487509	1.541737	2.195027
BACH2	0.2648859	0.6952042	0.3724686	0.9461475	2.4945808	0.01112399	0.01704517	0.1486165
BANK1	0.04495394	0.01514326	0.03588184	3.7552181	2.9704221	0.007287703	0.09464401	0.4170708
BAX	1.325659	0.9170314	1.281174	1.095883	0.9355457	0.3924719	1.134196	0.9583975
BAZ1B	0.9091585	0.7615191	0.982056	0.9708767	0.8959114	0.2574608	0.6864565	1.5399598
BAZ2A	1.018955	0.8263027	1.042267	0.9828497	1.077647	0.7004517	1.046553	0.9361522
BBX	0.949732	0.9179545	0.9862621	1.4885484	1.226844	0.187736	0.4908279	0.4109036
BCL9L	1.140862	0.7218037	1.0603	0.2817934	0.2093313	0.02363885	0.1979053	0.06552893
BFAR	0.7518426	0.8152819	0.7296669	0.6873127	0.5775789	0.2490162	0.6531839	0.7108216
BHLHE40	0.8606453	0.2536827	0.8835325	0.07922828	0.0638398	0.04042793	0.1604461	0.02799148
BHLHE41	0.004058122	0.002352486	0.001946661	0.796794	0.1838602	0.006828152	0.00724962	1.056759
BICD2	0.4480463	0.3458584	0.4100314	0.6814303	0.8021086	0.7772622	1.2350325	0.497817
BLK	0.0273879	0.06552521	0.02612127	3.1199059	2.23616812	0.004244307	0.0224694	0.5811788
BRD7	1.420401	0.904964	1.286378	1.073465	0.8986207	0.2493128	1.00395	1.123824
BRI3	0.5129802	0.6382193	0.5156815	0.5094828	0.5742021	2.1703797	2.2767424	0.3532965
BST2	1.086806	0.4687521	1.008036	0.4533032	0.4793161	0.1174965	1.161025	0.9277432
BTG1	2.365294	2.364917	2.412563	2.395256	2.780827	1.208979	1.107799	0.6608895
BUB3	1.0700066	1.0762628	1.1749529	1.0124595	0.7015617	0.2516091	0.4776446	1.374191
C11orf58	1.5504454	1.4522504	1.4813757	1.5198573	1.519196	0.7870705	1.3819495	1.4783697
C12orf57	0.9951742	1.666115	1.100848	1.103246	1.037351	0.1190334	0.2320377	0.9321288
C1GALT1	0.8605057	0.5480008	0.8555853	0.8160198	0.7246018	0.4914967	0.4119535	0.948336
C1orf21	1.8595631	0.02714207	1.5589711	0.01675175	0.0210306	0	0.02299386	0.03442483
C9orf16	1.5876115	1.2780695	1.6183382	1.182714	0.8452371	1.4794858	1.3472488	1.0646004
CALM3	1.055978	1.078394	1.084561	0.7953457	0.5772252	1.072961	1.478922	1.632184
CAMK4	0.01492472	2.06608505	0.3213283	0.2445112	0.05600279	0.00370343	0.006608771	0.2572896
CAPG	0.1396529	0.2082873	0.1426659	0.9090683	0.289458	1.3146397	1.7910857	0.3571158
CARMIL1	0.02286227	0.1242574	0.03552829	0.69079619	1.5952759	0	0.04117221	0.3751702
CASP4	1.029429	0.7074006	1.02383	0.8407924	0.6794912	0.6527543	1.027142	0.6571406
CCAR1	0.8677592	0.6850602	0.8684016	0.7212197	0.7426789	0.2485824	0.7753019	1.2172855
CCDC88A	0.2402836	0.1255969	0.2066617	0.2279277	0.1679452	0.1304075	2.4041378	0.6091779
CCL3	1.31554	0.02851445	0.9635479	0.06110017	0.08176691	0.04134483	0.1081122	0.1861868
CCL5	2.933609	0.3613178	2.97639	0.3874526	0.3165499	0.3103389	0.2925955	0.2145656
CCNB2	0.0398426	0.0516447	0.120174	0.01889864	0.02577422	0.2013424	0.014281	2.043984
CCNT1	0.9228413	0.6624357	0.8644081	0.5695428	0.5128905	0.286412	0.3615535	0.3686362
CD160	2.7811128	0.04315176	2.4259808	0.02934069	0.02137529	0	0.01506848	0.0645205
CD1C	0.01311836	0	0	1.96229258	0.20709949	0	0.11770336	0.04829976
CD2	1.1680232	1.7051944	1.5987305	0.007690513	0.01035796	0	0.03505424	0.0245371
CD200	0.003158975	0.03854887	0.006528172	0.25967786	1.05900873	0	0.008517586	0.01423854
CD247	3.4978053	1.189643	2.8848466	0.09655703	0.04730726	0	0.05259973	0.05291783
CD27	0.04211074	1.204344	0.2099321	0.9983092	0.1182773	0.01093243	0.02452566	2.309584
CD28	0.01119721	1.44770834	0.13931359	0	0	0	0.004867469	0.02402881
CD300A	1.413847	0.1423426	1.229628	0.1030406	0.02314886	0.5079893	0.6464897	0.2589537
CD320	1.241778	0.4976585	1.218279	0.2757219	0.2635252	0.01494482	0.0319379	1.788071
CD33	0.09077948	0.02982688	0.03467794	0.03128863	0.01101923	0.1165916	2.316826	0.02927853
CD3D	0.09396485	2.086747	0.5971694	0.05710688	0.02455158	0.0008696386	0.01764869	0.03645381
CD3E	0.4167509	2.113854	2.151899	0.04101897	0.05222648	0.006489931	0.0286384	0.03674007
CD3G	0.1524845	2.205434	0.6638365	0.0214079	0.0111337	0	0.009188796	0.005924024
CD47	1.6672754	1.0305714	1.5677817	0.9143408	0.8447739	0.7872335	0.569021	1.0111326
CD5	0.008666782	1.085545	0.2763336	0.04755353	0.02349043	0.005962014	0.0101685	0
CD52	1.150425	2.0705317	1.5876742	2.647778	2.6349532	0.04626878	0.8043694	1.1829688
CD69	1.880332	1.644322	1.880443	1.158008	1.362538	0	0.05375656	0.1212087
CD74	0.3392677	0.2609773	0.3861551	2.4549649	2.4679502	0.09628901	1.245944	1.1147676
CD79A	0.08740871	0.05350159	0.09213931	3.56875	3.535957	0.01658073	0.04596511	1.634502
CD80	0	0.0555495	0	0.780550672	0.0295421	0	0	0.2148265
CD84	0.171488	1.088637	0.4267468	0.6369448	0.52106	0.06013566	0.8770245	0.09131348
CD86	0.05463649	0.0269298	0.02601385	0.6561034	0.3073841	0	1.17782888	0.4014175
CD8A	0.2702317	0.0188589	0.96663447	0.008150367	0.01857437	0.003394022	0.008425541	0.008628013
CD8B	0.04914694	0.12989088	0.70603478	0.01495004	0.01608836	0.004608351	0.004679011	0.01020259
CD93	0.1364811	0.03955149	0.1021706	0	0.004940038	0.9791693	1.831126	0.04929265
CDC40	1.1366202	0.8315783	1.129295	1.4245348	1.1651474	0.5916317	1.3761671	0.6135428
CEBPD	0.848387	0.08207401	0.725682	0.05408292	0.05883383	1.0695487	1.8491127	0.09555322
CEMIP2	1.6879248	0.9924995	1.4992288	0.960358	1.241871	0.1863552	0.3314322	0.05197038
CEP128	0.1925592	0.4114921	0.2576952	0.1329823	0.2560877	0.1454986	0.1607843	3.194224
CHCHD10	0.1946066	0.6896149	0.2861833	1.37819	0.9332545	0.0412339	1.025334	1.578049
CHORDC1	0.5879996	0.5158546	0.5757806	0.5223337	0.4360644	0.1515664	0.3373477	0.6760707
CISD3	0.8343181	0.3107771	0.704402	0.2247552	0.1288248	0.0367877	0.5819693	0.5877498
CLEC2B	1.377505	0.9748115	1.338191	0.3105002	0.6448125	0.6905952	0.8968747	0.2932649
CLEC7A	0.09443225	0.04837211	0.07806754	0.02199578	0.0261117	0.725757	2.670733	0.04722165
CLECL1	0.03993511	0.1040499	0.06749985	2.178657	0.2591245	0.02503102	0.1820772	1.048047
CMAS	0.3302374	0.3882061	0.3304229	0.3126214	0.2536888	0.1602496	0.6581536	0.5184283
CMC1	2.6674755	0.2417165	2.825772	0.1716554	0.1637339	0.07268942	0.3134578	0.4407579
CMTM6	0.7479138	0.74378	0.7153597	0.9347352	0.5731373	2.0166232	1.7554688	0.753846
CNOT2	0.9668296	0.8417825	0.9489596	0.7969136	0.6988977	0.2857889	0.7569042	0.6987417
COCH	0.03356915	0.04973926	0.01858418	0.974311	0.05028521	0.02721274	0.1684417	1.243139
COL19A1	0.02467465	0.0141705	0.01573474	1.4237499	3.56400552	0	0.02157876	0.5238046
COPS9	1.1439968	0.9317632	1.110278	0.7987014	0.5342846	0.6063624	1.3686564	1.3100046
CORO1A	1.905702	1.580078	1.809898	1.529647	1.067824	2.187588	1.795001	2.002935
CORO1C	0.1617942	0.07349944	0.1448566	0.3528957	0.2872476	0.5138182	1.252055	0.5215855
COTL1	0.30179	0.9395815	0.3958249	1.480468	0.6848837	1.830917	2.793963	1.060187
COX7C	1.630584	2.434653	1.80715	2.153023	1.982625	0.8014629	2.1256859	1.968832
CPVL	0.03188217	0.02682917	0.02278841	0	0.004571801	0.003542395	2.07901766	0.0274096
CRBN	1.3628801	1.2710456	1.3569738	0.9799344	0.8508178	0.4942669	0.9621678	0.5233713
CREG1	0.123681	0.1223624	0.1123105	0.0984098	0.07011632	0.4105719	1.5398362	0.2098545
CRIP1	0.815375	1.045305	0.8882273	1.07716	0.1684159	0.0247535	0.7372669	1.717341
CSF3R	0.2559444	0.2049634	0.2287374	0.1726202	0.1394524	2.646871	1.917639	0.1675706
CSK	1.112603	0.7169555	0.9951284	1.13702	0.7966571	0.6119431	1.228586	1.022818
CST3	0.4285299	0.2468731	0.3881582	0.2764067	0.2532549	0.6173321	2.49243	0.2609249
CST7	3.086202	0.2715739	2.727329	0.1547026	0.1720348	2.005119	0.2810415	0.1250374
CTLA4	0.001972104	0.645187515	0.04335139	0.007438399	0	0.004302806	0.004927992	0.003922813
CTNNA1	0.1783415	0.09428494	0.1214248	0.2310355	0.184581	0.2480608	1.2852905	0.3188108
CTSB	0.1539283	0.1886394	0.1317308	0.2415301	0.1869093	0.1926112	1.8557871	0.1764688
CTSD	1.2305612	0.415859	1.0081829	0.2867634	0.2823268	1.6352116	2.3345085	0.5935095
CXXC5	1.5826166	0.05982517	1.3502922	2.6421756	1.9576953	0.03136285	0.6266774	1.8283052
CYBB	0.1645575	0.09735876	0.1306008	1.147685	0.924261	2.134108	2.932888	0.4104346
CYLD	1.108264	2.088619	1.264282	1.263715	1.157214	0.9011943	0.7082349	1.157397
CYTH4	1.043638	0.4530104	0.9967687	0.6048632	0.4868983	0.8869253	1.014779	0.491931
DCTN3	1.089595	0.7902884	1.006664	0.6936265	0.47751	0.5846734	0.9675171	1.27022
DDX17	2.164023	1.633844	2.067672	2.089586	2.135736	1.825728	1.835044	1.392317
DDX39B	1.123474	0.8757275	1.0139775	1.0470717	0.7462764	0.4613179	0.8077315	0.663136
DDX3X	2.076591	1.416741	1.940686	1.511614	1.571565	1.59386	1.842901	1.247064
DDX5	3.147062	2.588182	3.065331	2.736318	2.714015	1.95963	2.429603	2.077473
DDX52	0.9252847	0.5579286	0.8009258	0.7379757	0.5276521	0.2779488	0.7687275	1.074053
DENND5B	0.01685298	0.008144009	0.02358822	1.000509	0.869657	0	0.0184154	1.732938
DENND6A	0.8589782	0.7975183	0.8653554	0.4855328	0.4438784	0.2949966	0.650768	0.2206827
DENR	1.040161	0.9464151	1.030465	1.131465	0.991329	0.3742054	0.6883412	1.129956
DHX36	1.2284613	0.9633599	1.3035944	0.8599685	1.0002	0.4317723	0.7052604	0.7053106
DHX38	0.914473	0.4958055	0.9585299	0.6007777	0.6076053	0.2266989	0.499138	0.7383473
DIP2A	2.709992	0.6305634	2.380291	0.4449603	0.3147283	0.8238589	0.4689242	0.4113113
DLG1	0.7359287	0.5551201	0.7467174	0.6766229	0.5045078	0.2304016	0.4878955	0.8210172
DMTF1	1.327514	0.8185234	1.237751	1.1146556	1.227746	0.3149366	0.5418734	0.6996283
DNTTIP2	1.1478706	0.915712	1.1212883	1.1333479	0.8215857	0.6683159	0.9169096	0.9080798
DPP8	0.8756379	0.6127166	0.8648236	0.7998137	0.6919635	0.487846	0.8964637	0.5263324
DUSP2	1.7486795	0.3458128	1.8239386	0.1854693	0.07481785	0.03142383	0.05414915	0.08894918
DUSP22	0.6043116	0.3633872	0.5070253	1.2156857	0.8212566	0.6330073	1.150269	1.12285
DUSP4	0.007687875	0.183143547	0.03625692	0.02450043	0.003192568	0	0.004757077	0.06033762
DYRK2	1.099119	1.021826	1.159242	0.7679019	0.5333747	0	0.2190237	0.1714309
EDF1	1.6136946	1.5418175	1.5945827	1.5582311	1.2200168	0.7106427	1.5006143	2.1108302
EEF1A1	3.309729	4.056867	3.483723	3.845615	3.761883	1.628384	3.339634	2.927547
EFCAB14	0.942663	0.6880778	0.8654967	0.66991	0.6547155	0.442144	1.0214447	0.5360808
EFHD2	2.8214806	0.4708155	2.399517	0.5327811	0.3495251	2.353545	2.4050668	0.6867383
EIF2AK3.DT	0.5149211	0.3601279	0.4958409	0.4148334	0.8449148	0.02114165	0.06152189	0.6024558
EIF4H	0.9794993	0.8309851	0.9407634	0.8301862	0.7319165	0.459703	1.1937994	1.2077545
ELF2	1.1893008	0.7829615	1.0850661	0.877829	0.8581775	0.8516044	1.0426991	0.514011
EMB	1.7545642	1.3548812	1.8406438	0.8937013	0.6981635	2.8789967	1.6149465	0.4318881
EMC4	0.680261	0.5798289	0.6846218	0.5403243	0.493841	0.2014736	0.4722079	1.02716
EMC6	0.7826018	0.5367419	0.7444552	0.4369313	0.2535895	0.3065575	0.7268823	1.286529
EML4	0.5419068	1.1320384	0.7068175	1.2250108	0.8063996	0.7213689	0.399598	0.7191163
ENSA	1.3037452	1.0038488	1.3111761	1.112651	1.0266171	0.5900902	0.9270281	1.3447757
EPM2AIP1	0.7261383	0.7083181	0.7324152	0.6410456	0.8281062	0.4880734	0.4194193	0.6000569
EPRS1	0.7922455	0.8360295	0.8061523	0.871467	0.6015599	0.1512281	0.8569921	2.2297264
ETNK1	0.6735723	0.5242418	0.6226812	0.6759921	0.5663177	0.1981762	0.6504663	0.6027937
ETS2	0.09742706	0.09345199	0.09061142	0.0607409	0.05048941	0.5956554	1.039835	0.02843447
EXOC4	0.8197621	0.5776258	0.8202615	0.6903448	0.544297	0.4325799	0.6578568	0.6980727
FAM177A1	0.4457942	0.5675496	0.5173837	0.2956784	0.2207834	0.7538055	0.3598474	0.5957826
FAM210B	0.2392734	0.4086131	0.2689766	0.2187352	0.2116593	0.2621032	0.7062666	0.09904464
FAM214A	0.769739	0.5896191	0.8441804	1.115125	1.004861	0.2478356	0.2958141	1.236801
FCER1G	2.002253	0.240651	1.6062527	0.2218157	0.2009955	2.624356	2.2659902	0.2214247
FEZ1	0.8715825	0.003868346	0.7606167	0.0342045	0.01332008	0.01984007	0.007209683	0.01156054
FGFBP2	5.3745242	0.02868924	3.8886837	0	0.01558353	0.003894089	0.05807863	0.06202454
FGR	1.1257194	0.1061433	0.9745934	0.3019758	0.1741889	1.7486768	2.3212079	0.1805248
FLNA	1.760546	0.9683945	1.69166	0.8626122	0.5109146	0.8983701	1.805749	1.087237
FLT3	0.07648716	0.0381004	0.0346319	0.03658553	0.1368852	0.1076493	3.044185	0.05286167
FMNL1	1.580829	0.9348139	1.437971	1.039525	0.7863385	1.559454	1.547032	1.13555
FNBP1L	0.02236779	0.05129514	0.02399606	0.03916179	0.18179614	0.01101358	0.03679416	0.02123965
FOSL2	0.8194698	0.166354	0.7562382	0.03617493	0.01299479	0.3547811	0.5638705	0.06820276
G3BP1	0.6986673	0.8257401	0.7460425	0.7534252	0.6246242	0.1899492	0.4790916	0.9952166
GAA	0.2180991	0.136804	0.1826388	0.154769	0.09810721	0.2502056	1.604031	0.13699
GAB1	0.09124742	0.016199	0.1269956	0.4469338	1.36990799	0.1103851	0.1884663	1.1514232
GAB3	1.231484	0.1785899	1.052308	0.1538452	0.340687	0.2325452	0.6445499	0.06502828
GABPB1.AS1	1.044463	1.221297	1.071357	1.573029	2.071127	0.3072486	0.5858741	0.8292134
GABPB1.IT1	1.902158	1.262614	1.781767	1.536207	1.953328	0.4877037	0.8610661	0.6765435
GALNT1	0.7489555	0.4421107	0.7531352	0.5383224	0.3456148	0.6822248	0.8066438	1.282917
GAPDH	1.786622	1.814257	1.787497	1.684779	1.089915	3.016571	3.258996	2.883216
GAS5	0.8064558	2.4584158	1.1384302	1.8828695	1.7874462	0.244244	0.6411412	0.635961
GATA3	0.7197796	0.710018	0.7462305	0.01082168	0.007019513	0.004028413	0.008926735	0.01257363
GCA	0.2886931	0.309879	0.2778824	0.3549946	0.3490416	3.9556778	2.1549942	0.2138323
GIHCG	0.7425727	0.3107152	0.6819301	0.2741425	0.7529993	0.3581226	0.1275018	0.3332262
GLG1	1.355166	1.030253	1.261196	0.7434423	0.6429305	0.3592026	0.9634016	1.142135
GLIPR1	1.054582	0.6253133	0.9491369	0.5601141	0.7576055	0.7726984	2.212555	0.2945868
GNG2	2.010832	0.6516343	1.701666	0.4633345	0.3850102	1.126788	0.7443069	0.2746324
GNLY	6.0257335	0.3940042	5.395714	0.3368902	0.3404414	0.292388	0.4255892	0.4357931
GNPTAB	2.356414	0.5086512	1.957302	0.8429445	1.162498	0.24994	0.6834532	0.7229307
GOLGA4	1.5150519	0.9927612	1.5171924	1.0329461	0.9264649	0.4435992	0.7679813	1.4651534
GOLGB1	0.9199913	0.7966452	1.0108103	0.9467713	0.8178577	0.5322499	0.7284589	1.700953
GPBAR1	0.04652024	0.03755585	0.03346498	0.02315624	0.0210857	0.05919548	1.79466954	0.05929609
GPR15	0.04460975	0.44341432	0.14954003	0.42980447	0.009696729	0	0.003309714	2.16427373
GPR153	0.34375	0	0.39426022	0	0.01342922	0	0.007017622	0
GPR183	0.06042536	0.9569343	0.187947	1.468277	0.6849315	0.01386645	0.2426685	0.2593061
GPR34	0.036228	0.009363467	0.008945208	0.04974297	0.02026502	0.01766401	0.7122599	0
GPRC5D	0.004918839	0	0.006775068	0.08733624	0	0	0	2.739643
GPSM3	1.3152351	1.7064482	1.3884467	1.4786639	1.3255822	2.3216794	1.780057	0.5572136
GRN	0.2747897	0.198755	0.2454011	0.4368378	0.1964208	1.594495	2.31654	0.3782205
GSAP	2.8634387	0.1774651	2.2093276	1.1253202	1.3350633	0.315543	0.4611206	0.2818656
GSDMD	0.7739313	0.6860787	0.7679692	0.6957912	0.4884285	0.2174283	0.5551829	0.736514
GSTP1	1.459878	0.4835961	1.296873	0.4361786	0.4465277	0.4401724	1.607927	1.511969
GZMA	3.8297744	0.1635629	3.511575	0.009898379	0.01390891	0	0.04480646	0.0291755
GZMB	3.93891	0.05649182	3.070456	0.02498164	0.01147741	0	0.07092953	0.1609414
GZMH	1.7097	0.02776337	1.890199	0	0.003397585	0.01808945	0.01945169	0.07855291
GZMM	3.554409	1.075263	3.283662	0.01853141	0.04116643	0.04869123	0.05551157	0.05667171
H1.4	4.000759	3.038456	4.08057	2.903886	2.937142	1.229846	2.229429	3.171516
H3.3A	2.284194	1.732986	2.157977	2.201896	1.992216	3.57196	2.997955	2.335939
H3.3B	3.448433	2.756679	3.349467	2.817097	2.834902	2.713186	2.557001	2.209765
HAVCR2	1.0911128	0.06547037	0.8662081	0.01839533	0.02325947	0	0.6746465	0.04251545
HCK	0.0812707	0.03745663	0.05371014	0.3522644	0.1370723	1.521591	1.722678	0.04153713
HCST	2.889667	1.472773	2.792667	0.3854798	0.2184762	1.129001	1.465603	0.6986019
HERC1	0.8899433	0.7139967	0.8612067	0.801665	0.6766328	0.4186438	0.6234412	0.6333574
HLA.B	2.125192	1.787029	2.070076	2.000145	1.644313	1.924752	2.1401384	1.659288
HLA.DMA	0.09116436	0.0711287	0.1276368	1.5938173	1.4833993	0	0.6122445	0.4908413
HLA.DPA1	0.2056509	0.1458249	0.2874405	2.2031652	2.1831183	0	0.4260008	0.6769369
HLA.DPB1	0.4123507	0.2555392	0.5681631	2.6644242	2.3947902	0.004390209	0.3874397	0.5329805
HLA.DQB1	0.1139174	0.05888714	0.1443432	3.067859	3.2661041	0.07466039	0.4017462	0.3265809
HLA.DRA	0.08585283	0.06122565	0.07323077	2.2137354	2.2674561	0.01742426	0.8516862	0.393074
HMOX1	0.09647529	0.02013536	0.06666987	0.1525662	0.009650245	0.007585136	1.121337	0.1144437
HMOX2	1.160254	0.6543577	0.9837547	0.4459437	0.1865844	0.2742065	0.2726245	0.9529928
HNMT	0.03171894	0.002610965	0.006624873	0.01117577	0.01639542	0.007113409	1.044515994	0.01566218
HNRNPA0	1.2718348	1.3867586	1.3132802	1.353672	1.2211015	0.2793812	0.7415006	1.1238688
HNRNPA1	2.115367	2.474553	2.222233	2.22155	2.186196	0.4426284	1.839621	2.120695
HNRNPA3	2.0552229	1.6127964	2.0170316	1.815255	1.626368	0.8217288	1.8580886	2.2518165
HNRNPH1	1.411802	1.224855	1.439935	1.3520943	1.2273989	0.7832087	1.3030298	1.4657743
HNRNPU	2.25518	1.899788	2.213412	2.054708	1.98915	1.574409	2.1066559	2.235444
HOOK3	0.8356522	0.5851019	0.7826921	0.7374608	0.621716	0.5591296	1.8108429	0.5970369
HOPX	2.3511708	0.107628	2.1449663	0.2641206	0.1041691	0	0.1517641	0.04309167
HSP90B1	1.379649	0.9616542	1.312798	1.130351	0.8447241	0.3198235	1.17426	3.697957
HSPA5	1.4062329	0.8263892	1.3619205	0.8066287	0.5083871	0.6025101	0.9215602	2.9353893
HUWE1	1.044422	0.8360998	1.081057	0.8996381	0.652356	0.2272353	0.7783103	1.124788
HYOU1	0.4870758	0.1982985	0.4520684	0.186702	0.09890835	0.04669768	0.2976167	2.709115
IDS	0.7351311	0.4343778	0.7262994	0.529051	0.5489605	0.2963725	0.3125426	0.2251576
IER2	2.082205	0.9645022	1.936115	0.8734897	0.4788404	1.537504	1.311853	0.8185133
IFI30	0.0715958	0.03773139	0.0624207	0.3081008	0.1192835	0.2398498	1.857345	0.176912
IFITM3	0.3373263	0.1437309	0.3277779	0.1003359	0.1171078	0.3874577	0.961578	0.07317738
IGHD	0.06076447	0.04938705	0.0427964	2.486308	6.191217	0	0.05241244	0.1441074
IGHG1	0.06632016	0.08637015	0.05516653	1.368379	0.2921539	0.008056488	0.07284617	2.214917
IGHG2	0.0143148	0.007958683	0.01641146	1.649274	0.3463702	0	0.0006518295	1.442668
IGHG4	0.1007464	0.08762262	0.07491861	1.427398	0.2262595	0.05042138	0.09359334	2.024425
IGHM	0.3443783	0.2904153	0.3081982	3.216328	4.965019	0.03825872	0.2603967	2.291269
IGLL5	0	0	0	0.4083016	0.44854	0.02816621	0	2.631809
IL10RA	1.152595	0.9856018	1.21509	0.9796603	0.5153094	0.2436807	1.510705	0.6183004
IL18RAP	1.3131735	0.06648978	1.3114207	0.01204578	0.05026108	1.5890216	0.06831537	0.02068604
IL2RB	3.607172	0.2884493	3.103302	0.005816945	0.005743334	0	0.03114186	0.2539426
IL32	0.8161755	1.929607	1.329058	0.04073732	0.04531338	0.02313266	0.04198565	0.04266829
IL7R	0.2080007	2.1045597	0.6825787	0.06275787	0.1454114	0	0.02138236	0.01757911
ILF3.DT	1.674164	1.475927	1.61281	0.9456692	1.260053	0.2073967	0.4945719	0.6426784
ING3	0.9583144	0.5916951	0.8540592	0.7523261	0.8176042	0.5160514	0.7290632	0.8430089
INO80D	0.8597966	0.8116138	0.8281434	0.7717623	0.9038106	0.4167646	0.6405382	0.5279792
INPP4B	0.05372631	1.80574744	0.3028021	0.01879125	0.01045709	0	0.01688501	0.003303909
INTS6	0.9486168	0.6020448	0.9035101	0.5698018	0.5347732	0.5084249	0.3756378	0.4882749
IQGAP1	1.973453	0.8724495	1.846223	1.337596	1.397889	2.386903	2.453337	1.039486
IRAG2	0.8226241	0.2915724	0.7313055	1.578272	0.6583398	0.9268206	0.6140528	1.962707
IRAK4	1.054822	0.8879648	0.9766423	0.6779176	0.6522639	0.5344685	0.8014093	0.5163514
IRF1	1.9390368	1.068152	1.778065	0.8733429	0.7761309	1.0483703	0.5430741	1.1850032
IRF4	0.1240187	0.3166745	0.1097087	0.43179	0.6385045	0	0.03611213	2.44161779
ITGAX	1.307031	0.04950022	1.102434	0.2485867	0.09240962	1.043598	0.7047413	0.04833276
ITGB2	2.277023	0.9418935	2.006627	0.589213	0.4308118	2.385853	2.769535	0.4924807
ITM2C	0.02335175	0.13441834	0.05212159	0.85506379	0.39447713	0.06906605	0.02945417	2.44066538
JAK1	2.7116703	1.769738	2.5326031	1.910429	1.723184	1.449311	1.413983	1.031232
JAM3	0.07686315	0.09739719	0.08688083	0.5519906	0.2565862	0.06337633	0.07747852	0.04802853
JCHAIN	0.06786516	0.1126389	0.06635134	0.9585191	0.4121064	0.0155042	0.03213634	5.1228162
JDP2	0.09644066	0.07569844	0.05603222	0.1318519	0.08710075	0.882244	2.100365	0.09725315
JPT1	0.6006449	0.5930316	0.6291136	0.6934336	0.2261544	1.43153	1.01684	1.994788
JUN	1.7800898	1.1094614	1.7459366	1.1366316	1.450484	0.09037967	0.4258766	0.7631126
KANSL1	1.770713	1.265299	1.721359	1.389844	1.271856	0.7153568	0.9296164	0.8264455
KCNN3	0.003768807	0.007259594	0.003894314	0.0849248	0.009730941	0	0	1.14132474
KCNQ5	0.28677756	0.1417197	0.32222376	0.3322839	0.45448264	0.01729783	0.01415617	0.4015927
KDM6A	1.045805	0.8015782	0.9232722	0.8182243	0.7639174	1.229815	0.912502	0.611514
KIF13B	0.7734148	0.2105681	0.6672615	0.4125571	0.3168784	0.1520482	1.0099932	0.8099468
KLF12	1.313992	0.8880593	1.19972	0.7770405	0.6154705	0	0.01938246	0.3375229
KLRB1	2.779278	0.6375922	2.257906	0.04022124	0.0157605	0.00396269	0.02848275	0.04569143
KLRC2	0.6544571	0	0.9950147	0	0	0.00962928	0.0107259	0.01528759
KLRD1	4.053244	0.02245354	3.609175	0.06003299	0.04251542	0.01189313	0.04537427	0.06863589
KPNA4	1.078968	0.6638392	1.0019221	0.9873292	0.8331199	0.7634223	0.7490837	0.7654451
LAMTOR4	1.3858996	1.239506	1.336633	1.289804	1.225626	2.656366	2.2733596	1.070026
LAPTM5	1.1457031	1.2726545	1.1532957	2.115096	2.3315868	1.8219887	2.24463	0.9137278
LARS1	0.9413839	0.9284957	0.9783147	0.996123	0.9389276	0.1449092	0.8195824	0.9565462
LBH	1.3166907	1.1448017	1.235271	1.3554068	1.533417	0	0.02092835	0.1093595
LCK	1.4884778	1.4149271	1.6059546	0.1197442	0.1373862	0.01968242	0.02635961	0.02897951
LCP2	0.9591451	0.7906465	0.9721711	0.1481895	0.05724853	0.7164922	0.9289458	0.09021108
LDHB	0.5223999	2.05753	0.6505763	0.9136362	0.4144999	0.02791505	0.6031283	1.478674
LEF1	0.2299311	2.45538088	0.4137582	0.06010671	0.02165902	0.01999932	0.01115215	0.1278876
LEPROTL1	0.9172452	2.0150091	1.0834906	0.2952554	0.2735237	0.3737148	0.4021256	0.4889833
LGALS1	0.5193632	0.4089648	0.5130936	0.5821788	0.1653997	0.405203	2.346648	1.500485
LGALS9	0.2929256	0.1645567	0.2470129	0.5116848	0.4426052	0.1012383	1.663485	0.0481371
LINC00653	1.066497	0.9292444	1.037215	0.7297436	1.487841	0.01057082	0.1301987	0.3682333
LINC00861	1.840105	2.2317038	1.720776	0.06130926	0.03487159	0.01015724	0.01609002	0.01857524
LINC02352	0.1000664	0.06037205	0.02355918	0.06816474	0.1297016	0.06342495	0.05641867	0
LINC02397	0.02533959	0.009567206	0.008003594	1.400878	2.201925	0.005176809	0.01711322	0.2487603
LINC02446	0.03035411	0.07291208	0.3741931	0	0.01477105	0	0	0
LITAF	1.742632	0.9097219	1.62515	0.6256918	0.35456	1.906269	0.6957073	0.6766764
LMAN2	1.0268384	0.625256	1.0251701	0.5361862	0.4290903	0.6218855	0.9982729	2.049391
LPAR5	0.3103621	0.1175775	0.2337442	0.2391194	0.5463126	0.04206478	0.03336147	0.0643321
LRP1	0.04525076	0.04241145	0.02820021	0.03886738	0.02659734	0	1.202495	0.03528646
LSM14A	1.213589	1.214355	1.300031	1.299006	1.089225	0.6503816	0.9597045	1.205959
LTA4H	0.4182543	0.4886401	0.4346989	0.8077668	0.8319377	1.605106	2.968333	0.5705114
LTB	0.2286908	2.1976976	0.4408358	2.6947278	2.2546172	0.818245	0.1489435	0.05039873
LY86	0.057581	0.03427503	0.04222867	2.1804301	1.4274657	0.02293533	1.3510657	0.05199527
LYAR	1.8614818	0.4542896	1.9984248	0.1438135	0.1609424	0.039637	0.6616195	0.8372254
LYRM2	0.9280179	0.777507	0.8884066	0.9222884	0.9494995	0.1856167	0.7215586	0.5817313
LYZ	0.1887602	0.1481711	0.1508597	0.08105122	0.05441717	2.038842	3.547789	0.2966075
MAF	0.2843392	0.7155897	0.2688355	0.006579442	0.005311844	0.005169825	0.1284575	0.02109565
MAFB	0.06808099	0.01073939	0.03887633	0.0350428	0.006658122	0.03504344	2.024294	0.06078237
MAN1A2	0.9620032	0.8272523	0.9913184	0.6151064	0.7329265	0.5729983	0.9099756	1.304782
MANBA	0.4664374	0.3581253	0.4105239	0.9115514	0.9666645	0.7174085	1.219305	0.2536917
MAPRE2	1.076214	0.3712591	0.9640267	0.6473839	0.4302821	0.0904352	0.4355631	0.1987306
MARCHF1	0.08980229	0.05235932	0.07416371	2.3506986	2.643731	0.002983489	2.3383694	0.07617157
MARCKS	0.04956837	0.02411345	0.04453016	1.357742	0.548119	1.1118853	0.3759731	0.4471246
MARVELD1	0.02333765	0.01362555	0.01251214	0.03070508	0.006946621	0.05619976	1.0634369	0.01930318
MBP	2.498378	1.424051	2.378062	0.8215409	0.8321759	0.8602379	0.8779821	0.337034
MCOLN2	0.04063582	0.25182935	0.19050729	1.53884106	0.1901508	0	0.01347773	0.03992885
MCTP2	2.004454	0.1419228	1.681476	0.3536608	0.7545887	1.371193	0.4760958	0.3252675
MDH1	0.5458215	0.570767	0.565479	0.5195252	0.4009354	0.1364303	0.5945169	1.1140707
MED10	1.3582323	1.1319265	1.3711944	1.3303736	1.2370212	0.2386932	0.5885576	0.9571381
MFSD1	0.385265	0.2049187	0.3674194	0.3347298	0.3008107	0.7562187	1.7923159	0.2997246
MGST1	0.02466363	0.01792092	0.01133185	0.006321577	0	0.06552313	0.9306062	0.02009311
MIER1	1.1032967	0.9152767	1.047285	0.8187297	0.7665333	1.137643	1.050981	0.7083429
MIR22HG	0.2059719	0.09368105	0.1416418	0.07675225	0.03673002	0.3151978	0.8366581	0.2325251
MORC3	1.047845	0.9260119	1.029287	0.9353303	1.168533	0.3894984	0.6750508	0.3706817
MPHOSPH10	0.7863741	0.7291313	0.8720213	0.7667919	0.6955646	0.1055176	0.4083989	1.0796778
MPP1	0.2927883	0.2572756	0.2692998	0.22989	0.2000196	1.099696	1.464903	0.1581624
MRPS12	0.7077619	0.5611663	0.6445455	0.6157016	0.3594561	0.1174831	0.8095598	1.615711
MS4A1	0.03586193	0.01972798	0.0608629	3.4391	3.099643	0.002398177	0.02636462	0.05661111
MS4A6A	0.08943232	0.05709641	0.05796749	0.05608231	0.03444827	0.7716637	2.89356	0.05495556
MTF1	0.3099272	0.2722865	0.324812	0.3547035	0.2748686	1.1269234	0.7462187	0.1977348
MTF2	0.7704732	0.6438626	0.7916758	0.7418568	0.8372269	0.5150223	0.5674352	0.7337348
MTSS1	1.2482518	0.1549848	0.9178953	1.7409075	1.855755	0.006137833	0.9543546	0.08525707
MYADM	0.6921594	0.3607767	0.7188364	0.26488	0.6671312	1.177108	0.9602399	0.3385912
MYBL1	2.6855848	0.3524619	2.5764944	0.02277307	0.0405527	0	0.02169983	0.07916443
MYL12A	2.371739	2.425083	2.350001	1.733959	1.396028	2.589588	1.935242	1.281254
MYLIP	1.165621	1.0339737	1.17652	0.738843	0.8385769	0.4594114	0.3325189	0.3244928
MYO1D	0.08175281	0.05887877	0.08491793	0.1652199	0.05954321	0.01148476	0.01063379	1.046365
MYOF	0.01417794	0.006972949	0.0116424	0	0.001965428	0.004474429	0.673694214	0.02318947
MYOM2	4.0104422	0.1218739	2.7392292	0	0.07906134	0.03726479	0.0327754	0.04629007
MZB1	0.1198499	0.07985783	0.09294326	0.7043828	0.5429721	0.05182939	0.0605868	5.58675697
N4BP1	0.7440975	0.7824073	0.784919	0.4830414	0.5008949	0.9499328	0.6311003	0.5711427
NAPSB	0.03533094	0.01117254	0.02333045	2.252253	1.038522	0	0.4640598	0.0151999
NCALD	1.287082	0.1643436	1.116456	0.01795394	0.01245181	0.01245062	0.00370684	0.08758843
NCF2	0.1705596	0.1065453	0.1226597	0.2270683	0.07238373	2.3792872	2.8626022	0.2195408
NCL	2.3180147	1.8087348	2.2469542	1.9862981	1.899159	0.3353314	1.4023944	2.6283666
NCR1	3.724519	0.01221001	0.4691285	0	0	0.07399577	0.03509958	0
NDUFB8	1.0823141	1.0608131	1.1082382	0.9936692	0.6629322	0.453691	1.037318	1.7102708
NDUFC2	0.8500015	0.5912431	0.8012417	0.5423424	0.4630963	0.4360568	0.8546737	1.426608
NDUFV1	0.6785538	0.5133599	0.6372762	0.4904765	0.3369272	0.1834414	0.6190841	1.323049
NEK4	0.2623167	0.1671149	0.2378872	0.3507315	0.2839478	0.1028042	0.9754891	0.3862377
NETO1	0.02435154	0	0.01009148	0.6358446	2.576821	0	0.01454985	0.05334293
NFAM1	0.08817848	0.0757523	0.07792617	0.02885833	0.04274347	1.425162	1.897537	0.03986265
NFKB1	0.6459422	0.8920496	0.7365185	0.5261442	0.4489914	0.4286055	0.576091	0.5636257
NKG7	4.958505	0.2707721	4.403023	0.2822049	0.2433995	1.233942	0.5004784	0.2778749
NLN	0.03907928	0.1084219	0.02577449	0.1603574	0.09409718	0	0.63890014	0.3512922
NLRC3	1.595473	0.7163286	1.553548	0.5514717	0.3348204	0.004951013	0.02342616	0.1413916
NLRC5	0.763553	0.6677165	0.943196	0.8516713	0.226506	0.8441467	0.6809115	0.6235826
NMUR1	2.2726149	0.03702718	1.561333	0	0.02126256	0.01057082	0.02768485	0.02429859
NPC1	0.8641207	0.2604238	0.834768	0.145473	0.1485432	0.1113727	0.1479094	0.122541
NPC2	0.3122396	0.3882446	0.3105213	0.483879	0.7567158	0.32007	1.665157	0.446327
NPIPB6	0.004918839	0.01221001	0.01749154	0.03669979	0	0	0	2.012485
NR3C1	1.0144953	0.7141209	0.9803233	0.7884193	0.7854778	0.8433107	0.7764684	0.3596694
NSA2	1.386264	2.1705621	1.5616747	1.9036184	1.7259156	0.3866054	1.628089	1.3161612
NSG1	0.12260715	0.47175247	0.36343773	0.009607121	0.003640923	0	0.003104146	0.006504087
NT5E	0.008664462	0.05144537	0.03585619	0.40007262	0.85307272	0	0.008874589	0.03739767
NUGGC	0.09006877	0.05218447	0.12744669	0.2449555	0.04371591	0	0.01113532	1.85460321
NUP133	0.2861462	0.2074689	0.2406852	0.1150984	0.2459943	0.07889485	0.303322	0.4512664
OSBP2	0.09352682	0.07590136	0.1002051	0	0	0.08996406	0.1204698	0.01934982
OSBPL8	1.415145	1.344199	1.391113	0.8961078	0.9400005	1.633002	1.534596	0.5992774
OSCAR	0.1058521	0.06636132	0.05046406	0.02324644	0.04599325	1.407149	1.57096	0.01822888
OSER1.DT	0.500267	0.4286052	0.4853942	0.1848418	0.4141904	0.1040122	0.05347105	0.09741914
OSTF1	1.653084	0.6840358	1.4172962	0.8206837	0.66969	1.6734425	1.4596066	0.8590474
OTUD5	0.8840153	0.6966445	0.7723488	0.697255	0.6711226	0.3855258	0.4566658	0.91182
OTUD6B.AS1	0.9093874	0.768291	0.9471328	0.6839312	0.8909602	0.2095215	0.3964354	0.570395
OXCT2	0.004918839	0	0.03387534	0	0	0.01057082	0.01840943	2.1150063
OXNAD1	0.7827983	1.9737757	1.272736	0.1005851	0.1379717	0	0.07201528	0.2373031
PARM1	0.008769604	0	0.003985292	0.2191363	0.06633596	0	0.001793855	0.68138247
PARP1	0.884014	0.8631784	0.9034877	1.6497366	1.2937532	0.02816539	0.3937863	2.6762598
PARP14	1.0517396	0.6144462	0.983409	1.5813645	1.4626267	0.1669948	0.9301272	0.4613322
PARP8	2.0229199	0.8485291	1.9927437	0.4810779	0.4908342	0.8041486	0.6587683	0.1167173
PARVB	0.1586427	0.1545649	0.163878	0.718068	0.8733342	0.1051126	0.6516343	0.8672634
PAX5	0.02451754	0.009243451	0.01021484	2.8367386	2.77977008	0.005792418	0.02334377	0.3350699
PAXBP1	0.9791843	0.7000569	0.9722277	0.7291993	0.6870419	0.7387783	0.7102161	1.003754
PCED1B.AS1	2.47632	3.117418	2.452379	1.328402	0.6164718	0.2424326	0.09097705	0.8091865
PCM1	1.3722124	1.1594308	1.3990288	1.4707042	1.2328027	0.4533183	0.8836233	0.8838887
PCYT1A	0.551667	0.3332948	0.5287287	0.5076088	0.2569201	0.8545566	0.8856785	0.6821886
PDCD7	0.7582638	0.7437167	0.7540119	0.6744316	0.6867662	0.01303864	0.3034261	0.5900213
PDIA4	0.5480667	0.320641	0.5056487	0.2684251	0.1801465	0.0813252	0.4352251	3.0689422
PEBP1	0.512559	1.237088	0.6628674	1.130419	0.9749477	0.05183126	0.2628481	1.848196
PFDN1	0.7601732	0.7676475	0.7271072	0.7652485	0.6910256	0.1052287	0.5423678	0.8413613
PFKFB2	0.1657947	0.09597602	0.1905861	0.189153	0.5002506	1.8123478	0.07878335	0.1021756
PFN1	2.969539	2.034427	2.82432	2.047449	1.515411	3.00354	2.558363	1.914796
PGRMC2	0.6944306	0.6202566	0.7164538	0.3635279	0.3134829	0.07968581	0.3197171	1.0454726
PHF3	1.4403295	1.4739862	1.419858	1.3747902	1.6186525	0.7080088	0.9544653	0.980491
PIK3C2A	0.9732128	0.4886458	0.8313825	0.3984411	0.4540851	0.148443	0.5103274	0.6286076
PIK3R1	1.5990627	1.4152484	1.8068189	0.5244998	0.5242089	0.3500803	0.6357307	0.3573412
PLAAT4	1.642604	1.191151	1.55744	0.3119129	0.1928845	0.01488817	0.2367085	0.2929267
PLEK	1.7974017	0.1496008	1.5610842	1.048087	0.3646092	1.9676	1.9471543	0.8458109
PLIN2	0.2748585	0.3270173	0.2753226	0.295674	0.1181899	0.02928474	0.7415897	0.2647296
POU2AF1	0.03701036	0.03769388	0.02764103	2.039543	1.187189	0.02410061	0.02410599	3.646853
PPM1G	1.3130724	0.9417344	1.1941503	0.9177263	0.5889176	0.3948534	1.035277	1.8164692
PPP1R7	0.9962995	0.754578	0.9709559	0.7592917	0.6330591	0.336125	0.8264688	1.3026691
PPP2R2D	0.8840475	0.7642327	0.814983	0.5916737	0.6225685	0.4461976	0.6325695	0.6595203
PPP2R5A	1.0219669	0.5798493	1.0305586	0.560227	0.4547371	1.8089515	0.9437388	0.3979157
PPP2R5C	2.17173	1.462203	2.176605	0.851649	0.7032135	0.7525951	0.8443631	0.789004
PPP4R3A	1.412592	1.000641	1.393213	1.485255	1.675255	0.6056499	1.028459	1.208076
PPP6R2	0.8090906	0.5855519	0.810767	0.6317797	0.5409089	0.421485	0.5728067	0.6875753
PRDM1	1.4280436	1.3959324	1.355617	0.1842726	0.1542377	0.04683724	0.1586606	2.1258579
PRF1	4.154905	0.1132409	3.2825541	0.0169008	0.06504069	0.007508444	0.06402781	0.1096386
PRKACB	1.8254347	0.9872452	1.604434	0.8201874	0.6218232	0.06104961	0.3160285	0.3946981
PRPF4B	2.1353778	1.3973852	2.1037626	1.5515666	1.7465769	0.3197635	1.0485734	1.3757942
PRPF8	1.063009	0.8584589	1.028635	0.9914748	0.908831	0.4000345	0.819636	0.9469691
PSAP	0.883083	0.5046554	0.7804574	0.6881205	0.51542	1.4080889	2.6296843	0.7949868
PSMC3	0.7667808	0.5051993	0.6525825	0.5441044	0.4288192	0.2037148	0.6252328	1.554531
PSMC5	0.9274658	1.080196	0.9634769	0.7552772	0.4938253	0.2958547	0.8263541	1.380853
PSPC1	0.934574	0.7567312	0.9509358	0.8995436	0.7450576	0.4519802	0.6706474	1.096978
PTCRA	0.2666342	0.2323911	0.2961981	0.181182	0.398106	0.2474281	0.4034499	0.1395941
PTGER4	0.7360438	0.7687059	0.7693213	0.3909558	0.530007	0.1618805	0.2802162	0.05248474
PTMA	3.097659	3.113745	3.064533	3.305714	3.291388	1.025945	2.916912	3.286077
PTPN7	1.3437809	0.6686105	1.2480193	0.2833166	0.2676213	0.7646239	0.2533038	0.7808668
PTPRC	2.2498243	1.899391	2.238212	1.631542	1.505664	2.097573	1.9668496	0.964745
PVT1	0.1309653	0.9889141	0.2347928	1.350778	0.2511262	0.01439984	0.3334375	0.5889948
PYCARD	0.6946677	0.4415807	0.59523	0.7930097	0.3148551	1.949092	2.627292	0.6398883
PYHIN1	3.349413	0.7848629	2.7805715	0.5482287	0.130818	0	0.02472662	0.1205282
RAB6A	0.8592365	0.4593566	0.762257	0.4693295	0.3990242	0.4356796	0.8456048	0.6212864
RACK1	2.508615	3.377447	2.652416	3.25168	3.242905	1.132465	2.753727	2.811178
RAD21	1.4061195	1.297873	1.4145065	1.4415088	1.2391575	1.146655	1.3046018	1.6015706
RALGPS2	0.288449	0.2309432	0.2611734	3.8937745	3.5841524	0.3059027	0.1538856	1.2899703
RASAL3	1.539191	0.8411741	1.395604	0.6235897	0.4481834	0.5867758	0.2326857	0.5654058
RASSF5	1.265858	0.8961768	1.1982055	0.6436705	0.4933264	1.1689882	0.7189511	0.5550922
RBBP4	1.194562	0.9031165	1.1812645	1.1023047	0.9058456	0.4715723	1.0684384	1.4323776
RBL2	1.38682	1.385224	1.416894	0.7846998	0.6564314	0.9778844	0.9048551	0.4663655
RBM22	1.0595226	0.7311644	1.0423512	0.987725	0.7668078	0.5325557	0.8146262	0.7410517
RBM47	0.0628691	0.02761488	0.04170252	0.1201225	0.03319968	0.6204066	1.26773975	0.4481551
RBMX	1.140259	1.362774	1.186458	1.427742	1.329188	0.380573	1.030619	1.254584
RCAN3	0.07419058	2.3940835	0.295826	0.6337738	0.6259827	0.03427639	0.2900678	0.09039563
RECQL	1.014404	0.6571408	0.8710996	0.7646698	0.5069431	0.1707365	0.4973436	0.9814959
REST	1.1727643	1.0583183	1.2280852	1.0529269	0.8383179	0.6221458	0.9747464	0.8353333
RGS3	0.8950885	0.03398885	0.6345071	0.1088713	0.08773565	0.1697459	0.1487999	0.1067346
RNASE2	0.1091826	0.03324721	0.05780454	0.05169162	0.0799028	0.8348027	3.844669	0.08161485
RNASEH1	0.8398645	0.6566601	0.9075788	0.7627678	0.7146265	0.1322883	0.5065054	1.5893995
RNF125	2.251521	1.024938	2.277646	0.1983467	0.2838173	0.04901252	0.4006729	0.1450244
RNF216	1.0406342	0.8835691	0.9900547	0.7515589	0.7998109	0.297007	0.5454939	0.326473
RNMT	1.359969	1.383286	1.438453	1.412606	1.44143	0.2697812	0.6788301	0.7538927
RNPS1	1.321242	1.06871	1.313494	1.325455	1.054701	0.3176371	0.8979569	1.418875
RP11.1143G9.4	0.3111787	0.2363609	0.2967193	0.251035	0.2511087	1.29234	2.946171	0.178858
RP11.326K13.5	0.842982	0.3391114	0.8574624	0.05285898	0.05298567	0.02067846	0.02218122	0.02636027
RP11.363K21.1	0.04412765	0.02225057	0.0631316	0.04652069	0.04621249	0.5572439	1.58641374	0.04422241
RP11.474P2.5	0.5818385	0.1970059	0.5653709	0.3085102	0.2832083	0.04080952	0.004820403	0.1166445
RP11.480C16.1	0.008756805	0.02472123	0.06464318	0.389858	0.06902734	0.05014563	0.06782496	2.5054805
RPL11	2.73486	3.655327	2.903311	3.601565	3.569561	1.370959	2.883819	2.755102
RPL13A	2.816584	3.761532	3.032028	3.796479	3.70122	1.355628	2.80616	2.916363
RPL14	2.64767	3.386614	2.8344	2.971263	2.871952	0.8461478	2.201278	2.505844
RPL15	2.64738	3.260817	2.790258	3.315432	3.355617	1.044813	2.726696	2.694688
RPL18	2.682213	3.602096	2.874237	3.417484	3.455888	1.164389	2.741759	2.758389
RPL22	1.5956509	2.7238344	1.7783461	2.396049	2.364947	0.4980802	1.8598775	1.5259026
RPL23	1.614381	3.046993	1.891098	3.006508	2.883846	1.225516	2.699247	2.241643
RPL27A	2.452121	3.346985	2.658873	3.283765	3.110586	1.146514	2.412393	2.600271
RPL36	2.262349	3.29081	2.479962	3.177412	3.089	0.9414153	2.405299	2.707701
RPL36AL	2.234009	2.479563	2.374027	2.107335	1.768119	1.337129	1.991317	2.690585
RPS23	2.433644	3.167737	2.59946	3.164257	3.186253	1.025903	2.410792	2.439209
RPS3A	2.676599	3.552148	2.855689	3.284589	3.346651	1.339614	2.580422	2.41907
RPS6	2.800109	3.821159	3.001618	3.588082	3.555451	1.323326	2.647294	2.896046
RPS6KA1	0.9791701	0.3565767	0.8449309	0.4210798	0.3116625	1.1409445	1.0184587	0.3541086
RPS7	2.794068	3.37821	2.978877	3.382722	3.310223	1.454115	2.7271	2.750774
RPS9	2.634492	3.621252	2.825822	3.527777	3.49946	2.136461	3.418204	3.018803
RRBP1	0.6187338	0.2865328	0.5928389	0.2325245	0.201476	0.2649175	0.8121473	2.420851
RRN3P1	0.7866667	0.8166365	0.7893595	0.6382598	0.6787913	0.07334377	0.2244268	0.2281182
RTKN2	0.00896468	0.701644204	0.05422218	0.007904371	0.02074314	0	0.007003478	0.02169451
RUNX3	2.6115541	0.7831439	2.3997261	0.6917095	0.306764	0.0350729	0.1414096	0.4205702
RWDD1	1.070197	1.1612911	1.1701589	0.7238906	0.612459	0.3306111	0.9480604	1.1959728
S100A10	1.037417	1.1673536	1.1096311	0.6675637	0.3333028	0.03603197	2.31174	0.9868786
S100A11	0.556874	0.5821964	0.5319689	0.3385522	0.2332409	2.4959098	2.2371726	0.4233366
S100A12	0.4319914	0.382868	0.3992596	0.3031297	0.2541801	4.0161289	2.810415	0.4075116
S100A8	0.9388709	0.9937116	0.9082711	0.7608483	0.7525614	3.894688	2.9014212	0.8470941
S100A9	1.120268	1.100668	1.08959	0.9676235	0.9883166	3.69581	3.058936	1.025963
S100B	0.2252385	0.007850879	0.2403684	0.02549403	0	0.004655995	0.03100013	0.01732669
S100P	0.1549308	0.1403941	0.1448094	0.08486442	0.07199027	3.881112	0.2711662	0.08823764
S100PBP	0.9726997	0.4411231	0.8418263	0.657429	0.4562423	0.3196199	0.4006662	0.641858
SAMD3	3.9957404	0.2904943	3.5675913	0.06382886	0.0255491	0	0.02039884	0.2665345
SAMHD1	1.992556	1.854967	1.855403	0.2211321	0.1376402	0.06083632	2.501256	0.4452418
SAP30	0.1892181	0.1707128	0.235303	0.1256169	0.1077824	0.3783125	2.2682896	0.3906522
SCIMP	0.2975229	0.02448577	0.2517809	1.737202	0.7667044	0.0233462	1.334865	0.04259018
SCML4	0.6838527	1.0785891	0.8934292	0.2658971	0.1335826	0.0871819	0.01521336	0.0157362
SCRN1	0.3658703	0.04281167	0.3377242	1.2832843	0.4800563	0	0.1363791	0.4843167
SDF4	1.2725367	0.6481181	1.0953265	0.6379117	0.5415884	0.262488	0.7196672	1.5586309
SEC11C	0.6918779	0.5192404	0.6847232	0.8446482	0.3764566	0.155084	0.3165931	3.47222
SEPTIN6	1.465125	1.962142	1.475001	1.726906	1.188142	0.2689241	0.5283287	1.68629
SESN1	0.4359551	0.574693	0.4034531	0.5431244	2.3438097	0.2103972	0.3238875	0.1040238
SETD2	1.390181	1.0569666	1.4251346	1.2839117	1.2521434	0.788776	1.006945	0.6724795
SFPQ	1.4801964	1.2918001	1.4683818	1.4888378	1.3187235	0.7613822	1.5950132	1.7329241
SH2D1B	3.4960907	0.00876115	2.692076	0	0.01943012	0	0.02866645	0.02869727
SIGLEC6	0.01095571	0.02071585	0.01208997	0.9663736	0.1176955	0.01057082	0.006306992	0.04887503
SLAIN2	1.0228755	0.753233	0.9667597	0.6657297	0.6446312	0.4259616	0.8356723	0.7167002
SLC16A6	0.4194155	0.1232162	0.3458961	0.09132439	0.05820059	0.1616875	1.004041	0.2585782
SLC1A3	0.01160658	0.001649635	0.00727621	0	0	0.02849824	0.463509406	0.005933553
SLC25A36	0.9081356	0.7771527	0.9491101	0.9884695	0.8923132	0.2917315	0.8143568	0.9086005
SLC25A5	0.9491871	0.984082	0.9673891	1.147615	0.867416	0.3475087	1.540476	1.70696
SLC38A1	1.568846	1.495758	1.694662	1.493799	1.680106	0.1641162	0.0898415	1.317804
SLFN5	2.23753	1.55212	2.135718	0.0717904	0.06350615	0.002802786	0.1810813	0.08907057
SLTM	1.462673	1.020902	1.327311	1.237041	1.159388	0.7418587	1.223823	1.623496
SMARCD1	0.8973605	0.6057703	0.8555853	0.7727943	0.727168	0.234491	0.3812162	1.045825
SMC5	1.2362555	0.8095338	1.1951171	0.8375668	0.9055287	0.1810116	0.703756	1.0261468
SMKR1	0.52792127	0.06962931	0.44976766	0.4387822	0.04431315	0	0.007217159	0.03089166
SNCA	0.03527153	0.02844205	0.02685287	0.04013738	0.04655203	0.01368858	0.2771203	0.1599019
SNHG6	1.2321829	2.1987801	1.4292951	1.6604514	1.8217655	0.4243247	1.2407965	0.9954071
SNHG8	0.7045576	1.79282	0.9469841	1.4499004	1.296672	0.2627036	0.9752574	1.0756546
SNRPB	1.308619	0.989248	1.298447	1.183443	1.038049	0.4672765	0.9676777	1.82745
SNRPD2	1.451164	1.871839	1.587902	1.584173	1.331634	0.3854111	1.047835	1.938671
SNRPD3	0.8881741	0.689392	0.8757032	0.8742252	0.8584008	0.2859492	0.8115331	1.215206
SPATA13_ENSG00000182957	1.039139	0.7692432	1.108029	0.1575216	0.05666973	0.3965253	0.4310538	0.06899675
SPATS2	0.3186622	0.09463742	0.272582	0.49222	0.2059594	0.03280498	0.1611702	2.177564
SPCS3	1.248653	0.9908986	1.2416047	0.9980478	0.6030922	0.8100961	1.4767264	2.8142209
SPI1	0.1878478	0.1356353	0.1330806	0.5323883	0.3989115	2.400433	2.451677	0.2539875
SPIB	0.03111707	0.01080894	0.01778584	2.852321	1.733395	0	0.02468096	0.06705196
SPON2	3.0071288	0.2012696	2.117331	0.1022939	0.07918243	0.03516115	0.08260914	0.1635694
SREK1IP1	0.8559638	0.6224184	0.8187474	0.5295519	0.5593378	0.6406252	0.8277495	0.6842096
SRRM1	2.0173039	1.8086098	1.9979266	1.8886216	1.9262707	0.6867658	1.6362495	1.6907861
SRRM2	2.355143	1.953	2.333422	2.503277	2.312679	1.032114	1.839282	2.030053
SRSF11	1.593987	1.3113252	1.5921843	1.2773583	1.287988	0.5488827	1.117892	1.5234793
SRSF4	1.1926788	0.8871233	1.1266449	1.126806	0.9260792	0.7505004	1.2126905	1.4243389
SRSF7	1.5018224	1.4969636	1.5369584	1.5441866	1.621499	0.1819847	0.6620653	1.3350226
SSH2	1.451819	0.8563127	1.25531	0.9186802	0.9736086	1.237338	1.47623	0.4083943
SSPN	0.001537502	0	0.002487812	0.7486692	0.09059877	0	0.00272754	0.5090865
SSR2	1.6106162	1.7819403	1.6558989	1.3230094	1.1894897	0.6454981	1.2781895	2.5181755
ST14	0.02387405	0.01889715	0.02002531	0.4215926	0.1254536	0.03527939	0.6708187	0.05071016
ST3GAL5	0.5520749	0.4032143	0.5482585	0.8588006	0.355783	0.0129186	0.2425973	0.1951167
STAG1	0.9386407	0.6644756	0.8750119	0.9883106	0.8669479	0.4738018	0.5176791	0.8988274
STAT4	1.3738565	0.8065386	1.23065	0.01165947	0.02867208	0.01688238	0.01259928	0.04660478
STUB1	1.037015	0.8346716	1.017579	0.8001438	0.6461456	0.3600878	0.9185456	1.103389
SUB1	1.7550059	1.6371332	1.7228368	1.786143	1.1302	1.3195978	1.5209703	3.9071124
SUPV3L1	0.9654799	0.4934258	0.9468567	0.7251976	0.5160279	0.1113146	0.2450328	0.4693451
SYNE1	2.7382724	0.7175651	2.5401715	0.4757007	0.4225867	2.480562	0.3191678	0.6613648
SYNE2	2.434623	1.67731	2.296106	0.547523	0.293681	1.346936	0.05172439	0.9061253
SYNGR1	0.8618642	0.03340439	0.662159	0.07594206	0.1228816	0.1158731	0.481038	0.07236626
SYTL1	1.4624947	0.7798256	1.2505714	0.9208779	0.428035	0.5863801	0.2042947	0.4268973
TAF15	1.312911	1.034434	1.26347	1.008787	0.9735223	0.2213132	0.8818565	0.7961449
TAF1D	0.9576426	1.298804	1.10447	1.41392	1.586583	0.3500224	0.5605403	0.8552517
TAF3	0.8343308	0.7798032	0.9110389	0.8660977	0.8369431	0.1522657	0.4986879	0.6598964
TAF7	1.6543361	1.247749	1.5808608	1.6652169	1.7575499	0.8833252	0.4088921	0.6959001
TAGLN2	1.0348319	1.1634935	1.0831792	1.5677503	1.2597258	1.4305496	1.5596525	1.568308
TAPBP	1.6663606	1.156607	1.6114634	1.741354	1.4291469	1.1420262	1.3248048	1.5239549
TARS3	0.7619593	0.8974627	0.7706622	0.8222637	0.7332873	0.03286582	0.1650107	0.9594625
TBC1D10C	1.724929	1.190827	1.584662	1.181925	0.9924347	0.6783734	0.3091178	0.6549636
TBC1D27P	0.008443947	0.02415964	0.01903436	1.060451	0.08410447	0	0.01477539	0.8275192
TBX21	2.322559	0.06083149	1.976541	0.1481179	0.04262985	0.02943149	0.01737056	0.09822206
TC2N	0.5158669	1.167086	0.7508712	0.1089401	0.0984496	0.02916782	0.02857757	0.01829001
TCF7	0.5845479	2.3697467	1.0030036	0.4803373	0.2501713	0.02240293	0.05437069	0.1619002
TCL1A	0.02824247	0.02293818	0.05365174	0.3863913	5.66497	0	0.03202	0.01715328
TCN2	0.05456944	0.04548103	0.03275	0.009861942	0.04550984	0.008382112	1.337236	0.04339252
TES	1.5247291	0.7165173	1.3626767	0.7996329	0.523291	0.7608048	1.0118399	0.8080476
TET2	1.28969	0.3985837	1.1325112	0.9496938	0.5131044	1.303272	1.8560126	0.4227953
TFEC	0.03110066	0.0316874	0.02059933	0.6939174	0.1173677	0.1289276	1.86871561	0.04948049
TFRC	0.2224604	0.3062739	0.2226265	0.507598	0.2441153	0.1937589	0.2403446	1.2189767
TGFBI	0.02632784	0.01618942	0.01285581	0	0.003151238	0	1.307318644	0.01969
TGOLN2	1.5990208	1.2342328	1.4624175	1.4056025	1.1440507	1.3610297	1.7731429	0.8953843
THEMIS	0.040116	0.93074262	0.39112789	0.03114025	0.01450678	0	0.006028517	0.00727523
THEMIS2	1.2525614	0.26383	1.0848893	0.6189862	0.2563902	0.9264836	1.7235611	0.7077825
THRAP3	1.4659105	1.166375	1.39348	1.3782641	1.232632	0.5980298	0.9989597	1.627148
TIMP2	0.07891432	0.07767435	0.05942725	0.08958413	0.07943379	1.019925	1.356948	0.2546665
TKT	0.6163877	0.7627255	0.6148131	0.8902563	0.4251151	2.7807275	2.994481	1.4106325
TLN1	2.499833	1.310263	2.359197	1.483749	1.287957	1.906504	2.692027	1.195441
TLR10	0.06462519	0.0184707	0.01838247	1.61206622	0.5973974	0.15587712	0.03794617	0.18703202
TLR4	0.06205647	0.02325651	0.03499896	0.02101416	0.01399913	1.039855	2.08767016	0.03969426
TMA7	2.294933	2.1734	2.286006	1.81639	1.585359	1.677886	1.913729	1.957063
TMED4	0.9031027	0.7744103	0.8547086	0.7115863	0.6370709	0.2495995	0.4964479	0.9708659
TMEM123	0.7294098	2.137775	1.01301	0.7542664	1.464224	0.843668	1.341834	0.5572038
TMEM181	0.9782628	0.3267098	0.9034499	0.2058513	0.1423038	0.1226269	0.3029753	0.1659758
TNFRSF13B	0.01257038	0.02070432	0.01991479	2.556744	0.2536765	0.01142889	0.007509313	2.972654
TNFRSF13C	0.04379715	0.1631141	0.04115082	3.204077	3.146121	0	0.03344559	0.1705733
TNFRSF17	0.01820016	0	0.003019521	0.30366	0.1883908	0	0.003834349	6.094213
TNKS2	0.8331193	0.6267613	0.8131218	0.4662556	0.5747148	0.5232239	1.092369	0.5936223
TOX	1.2338075	0.1761739	1.0766053	0.51715	0.02498286	0.005938821	0.03236833	0.5676956
TPD52	0.7652488	0.4478127	0.78846	1.3678137	1.3437789	0.0202406	0.02571733	1.9234484
TPP2	1.199906	0.9825227	1.256531	0.7483427	0.6623595	0.2466127	0.8624182	1.791133
TPST2	1.441534	0.2383495	1.355086	0.259704	0.2302246	0.9736021	0.7555816	0.5714215
TRABD2A	0.02919527	1.72723718	0.2281987	0.1175547	0.1334772	0	0.009766077	0.04841804
TRAC	0.1370836	2.040058	0.5652704	0.1915925	0.07264416	0	0.01411704	0.1504169
TRANK1	1.2658058	0.6591809	1.2541963	0.790932	0.3933366	0.2760097	0.2096491	0.4301042
TRAT1	0.06178533	2.19905336	0.3390468	0.029795	0.009856539	0	0.008872198	0.008290842
TRBC2	1.4186025	2.1389289	1.5926518	0.9558028	0.9653916	0.02046313	0.03743374	0.4729686
TRDC	2.196685	0.174705	2.291865	0	0	0	0.01178674	0.009542929
TRMT10C	0.7273377	0.7674381	0.7992249	0.9075349	0.8061914	0.04293682	0.3308568	0.6291811
TSHR	0	0.1658956	0.01418335	0.06858736	0.01477105	0	0.0171893	0.9694177
TSHZ2	0.01499321	1.357263	0.044079	0.06421777	0.08885941	0	0.004460703	0.08256182
TSPAN32	1.9330678	0.5160433	1.7980261	0.1347247	0.1917202	0.3750144	0.4482489	0.07754836
TSPO	1.14808	0.9840307	1.123081	0.6012436	0.6211428	3.334213	2.873965	0.5858174
TSR3	0.7181127	0.6116452	0.6925238	0.7436984	0.6313186	0.2163526	0.5660652	0.8228172
TTC39C	0.4931635	1.551783	0.6622775	0.4681695	0.3394639	0.1592112	0.6128778	0.01371599
TXK	3.2735786	1.960142	2.8732376	0.03574319	0.06425533	0.02649044	0.04345674	0.05497563
TXN	0.4979912	0.5685605	0.5085167	0.4371046	0.1943374	1.8892677	1.1529906	1.599734
TXNDC5	0.02510714	0.01779229	0.02973658	0.1884373	0.18527848	0.005076691	0.02684665	2.53825856
TXNIP	2.978302	2.651326	2.962528	2.854282	3.17094	1.523869	2.15231	1.109256
TYROBP	2.00613	0.2340663	1.699522	0.1398663	0.1732202	2.59902	2.712293	0.2277983
U2SURP	1.430602	1.2569538	1.4141199	1.2703355	1.365203	0.49747	1.0913733	1.6233502
UBAC2	0.5277494	0.6472557	0.589331	0.5386071	0.4488967	0.1785573	0.6463516	0.09654207
UBE2D1	0.3304766	0.3552244	0.330874	0.4310813	0.3204497	1.489035	2.0270336	0.2474232
UBE2L3	1.185722	1.050056	1.139269	1.051012	0.7220733	0.7792977	1.281398	1.852936
UBE2V2	0.712462	0.5299695	0.7223155	0.715516	0.5104244	0.2098248	0.5953806	1.0517727
UBXN1	1.478276	1.539328	1.457002	1.590825	1.409189	0.4102037	1.270233	0.9226477
UFM1	0.914403	0.8165577	0.9411712	0.8516063	0.88332	0.2709801	0.7972988	1.580143
UHRF2	0.8919565	0.6751515	0.9772216	0.9985804	1.0515694	0.2244175	0.4171462	0.9037837
USP28	1.509045	0.1740185	1.237552	0.814839	0.9422267	0.05294703	0.1912934	0.9585007
VAMP8	1.183674	0.7750021	1.0743221	0.8357463	0.5677512	0.4062242	1.8985325	0.602243
VCAN	0.08880886	0.03393638	0.04888951	0	0.005082755	0.006368102	3.6009704	0.1383356
VPREB3	0.010328	0.01508256	0.006770074	2.137276	2.295967	0.004894593	0.02315826	0.06229943
VPS4A	0.825497	0.5788574	0.6885151	0.5861153	0.4057119	0.3349995	0.6567369	0.7640305
WDFY4	0.04294091	0.02869267	0.02366278	1.6821423	1.0055873	0.4120281	0.5837148	0.2539694
WWC3	0.3735548	0.2516796	0.3593414	0.2792587	0.9166291	0.3667031	0.5786015	0.3836882
XCL1	0.35890901	0.01520892	0.6022845	0	0.006680413	0	0.003410455	0.008101814
XRRA1	0.3325438	0.2713517	0.3429083	0.1841369	0.3966677	0.04734002	0.07616217	0.4348651
YBX3	0.08490601	0.1405389	0.1404582	0.4138574	2.000533	0.006015808	0.9243369	0.333625
YPEL1	2.573485	0.2459672	2.215457	0.3295998	0.398109	0.1092368	0.03773894	0.1326361
YTHDC1	1.6063448	1.234615	1.6245132	1.381408	1.3849331	0.8112098	1.0299646	1.1765225
YWHAH	0.4507676	0.570966	0.527484	0.7560815	0.4559028	1.312221	0.971789	1.047096
ZAP70	2.0676373	0.8920881	1.8071277	0.06780421	0.07927327	0.1504986	0.03334319	0.05838114
ZBTB1	1.833593	0.9578043	1.742477	1.294625	1.009105	0.3630147	0.7111217	0.5447502
ZEB2	2.0540057	0.1278476	1.729719	0.947747	0.8917132	0.5424134	2.4097263	0.1329665
ZFAS1	0.8405277	1.851001	1.023707	1.77488	1.725663	1.210088	1.848535	0.7407902
ZFHX3	0.07029801	0.02120892	0.08390098	0.1830078	0.07247829	0.002781637	0.700517	0.02835791
ZFX	1.335174	0.918746	1.317358	1.203367	1.13208	0.5611448	0.8841933	0.8939142
ZNF33A	0.9507991	0.92483	0.974884	1.0626657	1.040792	0.7049255	0.5706581	0.6189124
ZNF490	0.4804315	0.1217234	0.4765788	0.1659115	0.3746629	0.0590958	0.1377622	0.1700049
ZNF83	1.19168	0.9278803	1.212588	1.03739	0.9389725	0.2004217	0.2799984	0.1067137
ZYX	0.6508292	0.5168467	0.6418823	0.2901185	0.1459965	1.7893943	1.995066	0.2466225
ZZEF1	0.9713603	0.6815234	0.8903968	0.529899	0.6280928	0.5474545	0.7473099	0.6437752
